# 70 vertices
v  -23.7359 152.2638 14.3579
v  -30.5580 143.9771 13.7728
v  -35.7155 132.3147 12.2906
v  -39.5287 118.4118 10.3212
v  -42.3180 103.4039 8.2743
v  -44.4038 88.4262 6.5597
v  -46.1063 74.6142 5.5871
v  -47.7460 63.1030 5.7664
v  -49.0060 53.7870 7.6100
v  -49.4960 45.6214 10.9247
v  -49.4260 38.3339 15.0611
v  -49.0060 31.6518 19.3703
v  -48.4460 25.3026 23.2030
v  -47.9560 19.0138 25.9101
v  -47.7460 12.5128 26.8425
v  -47.9445 5.9144 25.5491
v  -48.4076 -0.5010 22.4566
v  -48.9369 -6.7572 18.2324
v  -49.3339 -12.8782 13.5439
v  -49.4000 -18.8877 9.0586
v  -48.9369 -24.8098 5.4438
v  -47.7460 -30.6683 3.3669
v  -46.2086 -36.3290 3.0281
v  -44.6284 -41.7260 3.9008
v  -42.6900 -46.9855 5.5625
v  -40.0784 -52.2336 7.5905
v  -36.4784 -57.5967 9.5622
v  -31.5750 -63.2008 11.0551
v  -25.0529 -69.1721 11.6467
v  -16.8897 -74.3071 11.2933
v  -7.6137 -77.4267 10.3818
v  2.2644 -78.6941 9.1354
v  12.2338 -78.2725 7.7775
v  21.7836 -76.3250 6.5311
v  30.4032 -73.0147 5.6196
v  37.5816 -68.5049 5.2662
v  43.0772 -61.4376 5.7348
v  47.1736 -51.0623 7.0156
v  50.1479 -38.4538 8.9211
v  52.2770 -24.6865 11.2639
v  53.8380 -10.8351 13.8565
v  55.1082 2.0257 16.5113
v  56.3644 12.8215 19.0410
v  57.3501 21.7565 21.9241
v  57.7334 29.8538 25.4867
v  57.6786 37.2675 29.3129
v  57.3501 44.1516 32.9865
v  56.9120 50.6600 36.0913
v  56.5287 56.9468 38.2113
v  56.3644 63.1658 38.9304
v  56.5234 69.0334 37.9584
v  56.8944 74.3180 35.5683
v  57.3185 79.2522 32.1892
v  57.6365 84.0683 28.2499
v  57.6895 88.9987 24.1793
v  57.3185 94.2760 20.4063
v  56.3644 100.1325 17.3599
v  55.3166 106.6960 14.7185
v  54.4796 113.8025 11.9937
v  53.4171 121.2467 9.3640
v  51.6926 128.8233 7.0081
v  48.8697 136.3274 5.1042
v  44.5121 143.5536 3.8310
v  38.1834 150.2967 3.3669
v  30.2233 155.8938 3.9758
v  21.4638 159.7902 5.5459
v  12.2075 161.9430 7.6928
v  2.7569 162.3095 10.0320
v  -6.5856 160.8470 12.1789
v  -15.5173 157.5127 13.7490